	iLast =					0.00393966;
	iBatchPosition = 		0.02;
	iFrequency = 			5000;
	iFieldPenetration = 	0.00122066;
