	iLast =					0.00795649;
	iBatchPosition = 		0.02;
	iFrequency = 			10000;
	iFieldPenetration = 	0.000863139;
