	iLast =					0.0267271;
	iBatchPosition = 		-0.01;
	iFrequency = 			30000;
	iFieldPenetration = 	0.000388298;
