	iLast =					0.0121339;
	iBatchPosition = 		0.01;
	iFrequency = 			25000;
	iFieldPenetration = 	0.000425359;
