	iLast =					0.00795649;
	iBatchPosition = 		0.02;
	iFrequency = 			15000;
	iFieldPenetration = 	0.00070475;
