	iLast =					0.0165685;
	iBatchPosition = 		0.01;
	iFrequency = 			30000;
	iFieldPenetration = 	0.000388298;
