	iLast =					0.0267271;
	iBatchPosition = 		0.005;
	iFrequency = 			35000;
	iFieldPenetration = 	0.000359494;
