	iLast =					0.0213804;
	iBatchPosition = 		0.02;
	iFrequency = 			35000;
	iFieldPenetration = 	0.000359494;
