	iLast =					0.303347;
	iBatchPosition = 		0.01;
	iFrequency = 			5000;
	iFieldPenetration = 	0.00122066;
