	iLast =					0.0267271;
	iBatchPosition = 		0.005;
	iFrequency = 			10000;
	iFieldPenetration = 	0.000863139;
