	iLast =					0.414214;
	iBatchPosition = 		-0.01;
	iFrequency = 			5000;
	iFieldPenetration = 	0.00122066;
