	iLast =					0.0121339;
	iBatchPosition = 		0.02;
	iFrequency = 			30000;
	iFieldPenetration = 	0.000388298;
