	iLast =					0.0121339;
	iBatchPosition = 		-0.01;
	iFrequency = 			35000;
	iFieldPenetration = 	0.000359494;
