	iLast =					0.414214;
	iBatchPosition = 		-0.01;
	iFrequency = 			0.00122066;
	iFieldPenetration = 	1.92969e-313;
