	iLast =					0.0165685;
	iBatchPosition = 		0;
	iFrequency = 			10000;
	iFieldPenetration = 	0.000863139;
