	iLast =					0.0267271;
	iBatchPosition = 		0.005;
	iFrequency = 			20000;
	iFieldPenetration = 	0.000475566;
