	iLast =					0.0121339;
	iBatchPosition = 		-0.01;
	iFrequency = 			15000;
	iFieldPenetration = 	0.00070475;
