	iLast =					0.0165685;
	iBatchPosition = 		-0.005;
	iFrequency = 			15000;
	iFieldPenetration = 	0.00070475;
