	iLast =					0.0121339;
	iBatchPosition = 		0.02;
	iFrequency = 			10000;
	iFieldPenetration = 	0.000863139;
