	iLast =					0.534511;
	iBatchPosition = 		0;
	iFrequency = 			5000;
	iFieldPenetration = 	0.00122066;
