	iLast =					0.0165685;
	iBatchPosition = 		0.02;
	iFrequency = 			35000;
	iFieldPenetration = 	0.000359494;
