	iLast =					0.0165685;
	iBatchPosition = 		0;
	iFrequency = 			5000;
	iFieldPenetration = 	0.00122066;
