	iLast =					0.0165685;
	iBatchPosition = 		0.015;
	iFrequency = 			20000;
	iFieldPenetration = 	0.000475566;
