	iLast =					0.0121339;
	iBatchPosition = 		-0.01;
	iFrequency = 			5000;
	iFieldPenetration = 	0.00122066;
