	iLast =					0.0267271;
	iBatchPosition = 		0;
	iFrequency = 			15000;
	iFieldPenetration = 	0.00070475;
