	iLast =					0.668179;
	iBatchPosition = 		0.015;
	iFrequency = 			0.00122066;
	iFieldPenetration = 	1.92969e-313;
