	iLast =					0.0121339;
	iBatchPosition = 		0.005;
	iFrequency = 			15000;
	iFieldPenetration = 	0.00070475;
