	iLast =					0.0121339;
	iBatchPosition = 		-0.01;
	iFrequency = 			20000;
	iFieldPenetration = 	0.000475566;
