	iLast =					0.0267271;
	iBatchPosition = 		0.015;
	iFrequency = 			5000;
	iFieldPenetration = 	0.00122066;
