	iLast =					0.0213804;
	iBatchPosition = 		0.015;
	iFrequency = 			25000;
	iFieldPenetration = 	0.000425359;
