	iLast =					0.0165685;
	iBatchPosition = 		-0.005;
	iFrequency = 			25000;
	iFieldPenetration = 	0.000425359;
