	iLast =					0.303347;
	iBatchPosition = 		0;
	iFrequency = 			0.00122066;
	iFieldPenetration = 	1.92969e-313;
