	iLast =					0.0213804;
	iBatchPosition = 		0.015;
	iFrequency = 			15000;
	iFieldPenetration = 	0.00070475;
