	iLast =					0.0213804;
	iBatchPosition = 		0;
	iFrequency = 			20000;
	iFieldPenetration = 	0.000475566;
