	iLast =					0.668179;
	iBatchPosition = 		-0.005;
	iFrequency = 			5000;
	iFieldPenetration = 	0.00122066;
